0.8314607 0.8651685 0.752809 0.7752809 0.7977528
0.7752809 0.8202247 0.7752809 0.7977528 0.8089888
0.7752809 0.8089888 0.741573 0.8426966 0.7640449
0.8202247 0.8202247 0.7977528 0.7865169 0.7640449
0.8314607 0.8089888 0.752809 0.8426966 0.7640449
0.7640449 0.752809 0.7977528 0.7865169 0.8089888
0.7865169 0.7752809 0.7865169 0.7865169 0.6966292
0.741573 0.7865169 0.8314607 0.7078652 0.7640449
0.741573 0.8202247 0.8539326 0.8988764 0.8202247
0.8314607 0.8651685 0.8539326 0.8764045 0.7865169
0.7191011 0.7303371 0.8089888 0.7078652 0.7977528
0.7752809 0.8314607 0.7303371 0.752809 0.8314607
0.8314607 0.7977528 0.7977528 0.7865169 0.7640449
0.7640449 0.8089888 0.741573 0.7865169 0.8314607
0.8314607 0.752809 0.7977528 0.8426966 0.7977528
0.8426966 0.7865169 0.8426966 0.7977528 0.8426966
0.7977528 0.7752809 0.8089888 0.8651685 0.6853933
0.8202247 0.8202247 0.7640449 0.7977528 0.8089888
0.8426966 0.8314607 0.8202247 0.8089888 0.8089888
0.752809 0.7977528 0.7752809 0.8202247 0.8089888
0.8202247 0.752809 0.7977528 0.8876404 0.8539326
0.7303371 0.7640449 0.7977528 0.8314607 0.7752809
0.7865169 0.7977528 0.8426966 0.8089888 0.8089888
0.8539326 0.8089888 0.8202247 0.7303371 0.7977528
0.7865169 0.7191011 0.7640449 0.6966292 0.8426966
0.8089888 0.7752809 0.8651685 0.8314607 0.7640449
0.8314607 0.8202247 0.7977528 0.7977528 0.7977528
0.8089888 0.741573 0.7977528 0.7640449 0.8202247
0.8314607 0.8202247 0.7977528 0.8089888 0.7752809
0.8089888 0.8202247 0.7977528 0.8089888 0.7977528
0.8202247 0.8202247 0.8089888 0.7752809 0.8202247
0.8651685 0.7078652 0.8202247 0.8314607 0.7977528
0.8202247 0.7977528 0.8426966 0.8426966 0.7752809
0.8651685 0.741573 0.8651685 0.8651685 0.8202247
0.8202247 0.7865169 0.8426966 0.8764045 0.8314607
0.741573 0.7865169 0.8089888 0.741573 0.8426966
0.7865169 0.8202247 0.7865169 0.8089888 0.8202247
0.7865169 0.8426966 0.752809 0.8426966 0.7640449
0.7752809 0.7640449 0.7640449 0.7977528 0.7191011
0.8202247 0.752809 0.7640449 0.7078652 0.752809
0.741573 0.752809 0.741573 0.7191011 0.7865169
0.7640449 0.8314607 0.7752809 0.741573 0.7977528
0.8202247 0.7640449 0.7977528 0.7640449 0.7865169
0.7865169 0.7977528 0.7865169 0.741573 0.8426966
0.7977528 0.8202247 0.8314607 0.8426966 0.8202247
0.8539326 0.8089888 0.7977528 0.7865169 0.7752809
0.8539326 0.7977528 0.8089888 0.8089888 0.7640449
0.741573 0.8876404 0.741573 0.741573 0.8202247
0.7752809 0.8089888 0.7865169 0.7752809 0.7191011
0.7752809 0.7865169 0.7640449 0.7303371 0.7191011
0.8089888 0.8089888 0.8314607 0.8426966 0.8089888
0.7640449 0.7977528 0.7977528 0.8539326 0.8764045
0.8539326 0.8539326 0.7752809 0.8314607 0.8539326
0.7640449 0.7865169 0.7640449 0.8202247 0.7640449
0.7865169 0.8089888 0.8089888 0.8764045 0.8539326
0.6966292 0.8089888 0.7865169 0.7752809 0.8764045
0.7640449 0.8089888 0.7977528 0.7977528 0.7865169
0.8089888 0.7865169 0.7752809 0.7865169 0.7191011
0.7640449 0.7865169 0.752809 0.8314607 0.7977528
0.741573 0.8426966 0.7865169 0.8426966 0.8876404
0.7640449 0.7865169 0.7752809 0.7865169 0.7303371
0.741573 0.7865169 0.741573 0.8988764 0.7303371
0.7752809 0.741573 0.7977528 0.8202247 0.8089888
0.8426966 0.6966292 0.752809 0.8426966 0.7752809
0.7752809 0.8314607 0.8089888 0.7865169 0.7977528
0.7865169 0.8089888 0.8764045 0.7865169 0.8539326
0.8089888 0.7752809 0.8089888 0.7191011 0.7977528
0.8314607 0.8764045 0.8202247 0.8089888 0.8426966
0.8314607 0.7640449 0.8314607 0.7640449 0.8314607
0.7640449 0.8651685 0.7752809 0.8426966 0.8539326
0.7865169 0.8651685 0.8089888 0.7752809 0.8314607
0.6966292 0.7752809 0.7977528 0.7303371 0.7865169
0.8202247 0.8089888 0.7752809 0.7640449 0.8202247
0.7078652 0.7865169 0.741573 0.741573 0.7640449
0.7977528 0.8089888 0.7752809 0.8202247 0.7977528
0.7303371 0.741573 0.7977528 0.7865169 0.8426966
0.8089888 0.741573 0.7078652 0.8314607 0.7977528
0.7640449 0.8089888 0.752809 0.8202247 0.8314607
0.7865169 0.752809 0.7078652 0.8426966 0.7752809
0.8426966 0.7977528 0.7752809 0.8089888 0.752809
0.8202247 0.7191011 0.7640449 0.7752809 0.7977528
0.7191011 0.8089888 0.7865169 0.8089888 0.741573
0.6966292 0.8089888 0.8202247 0.8089888 0.8426966
0.7191011 0.8314607 0.8202247 0.8426966 0.7865169
0.741573 0.8202247 0.8651685 0.752809 0.752809
0.7977528 0.752809 0.8202247 0.8426966 0.7865169
0.8426966 0.752809 0.7977528 0.7752809 0.7977528
0.8314607 0.7191011 0.7865169 0.7865169 0.7865169
0.8089888 0.741573 0.8202247 0.7977528 0.7977528
0.8426966 0.8202247 0.8202247 0.8202247 0.741573
0.7752809 0.7752809 0.8314607 0.7752809 0.8202247
0.8426966 0.8876404 0.8089888 0.8314607 0.741573
0.7191011 0.7640449 0.8089888 0.8089888 0.7977528
0.7752809 0.752809 0.8202247 0.7303371 0.8202247
0.8314607 0.7977528 0.7752809 0.7865169 0.7865169
0.7865169 0.7640449 0.741573 0.7752809 0.8764045
0.741573 0.7865169 0.752809 0.741573 0.7865169
0.7640449 0.8539326 0.7977528 0.7640449 0.7977528
0.7303371 0.8089888 0.7865169 0.8539326 0.7977528
0.8426966 0.7977528 0.8988764 0.8202247 0.7303371
