0.8331479 0.8536184 0.7097701 0.7648129 0.7880952
0.7403955 0.7927807 0.7609148 0.7780423 0.8015752
0.7564171 0.8014553 0.7137446 0.8348268 0.7438821
0.8020022 0.7653125 0.7848361 0.7587302 0.7417112
0.8208995 0.7772487 0.7288961 0.8221925 0.6810224
0.7452381 0.7454023 0.7801455 0.7716557 0.7997967
0.7687831 0.7636739 0.7540625 0.7896341 0.6718074
0.7331633 0.7360923 0.8067434 0.6850267 0.7476923
0.7295597 0.8163055 0.8311404 0.8936404 0.776455
0.8245842 0.8684492 0.8444444 0.8653125 0.7789744
0.7207792 0.7425926 0.7984307 0.692348 0.7866357
0.7771023 0.8096875 0.7032086 0.746337 0.8067434
0.8313008 0.7735746 0.736534 0.7648026 0.7588473
0.7288654 0.8048851 0.7275542 0.778836 0.7962567
0.8155367 0.7288961 0.7952477 0.7872405 0.7772525
0.8189203 0.7939153 0.8272834 0.7864796 0.8380977
0.7880952 0.7423246 0.8131497 0.8622291 0.664501
0.790678 0.8020022 0.7203907 0.7872807 0.7859848
0.8298851 0.8067434 0.8110707 0.8061173 0.7922078
0.7226732 0.790113 0.7339572 0.8066138 0.8067797
0.8116402 0.7464611 0.7832817 0.8670848 0.8417949
0.7032086 0.7596057 0.7667215 0.8305556 0.762069
0.7701238 0.7946154 0.8192436 0.8035714 0.7858732
0.8242873 0.7781609 0.8061538 0.7341476 0.7933437
0.7687831 0.705318 0.7402116 0.6820513 0.8201058
0.8074074 0.7591991 0.8588751 0.8331479 0.7404541
0.84625 0.7869855 0.7941338 0.7832792 0.7799278
0.7783648 0.7319614 0.7646104 0.7452381 0.8071726
0.7998904 0.8119919 0.7970588 0.793659 0.7632114
0.8064843 0.8043103 0.7914439 0.7891996 0.7805128
0.7988701 0.8040107 0.7922078 0.7353448 0.8062436
0.8465517 0.6888889 0.8062436 0.8018717 0.7917949
0.8066138 0.7805128 0.8566338 0.8278075 0.7525028
0.8587302 0.7313559 0.8492965 0.8467654 0.8020022
0.7819087 0.7283372 0.8292215 0.870671 0.8094262
0.6822034 0.7627339 0.7797619 0.7359667 0.8376623
0.7648026 0.8091837 0.7801858 0.8029057 0.8082437
0.7817949 0.8387755 0.7410714 0.8233753 0.7876082
0.7374861 0.7484277 0.7641711 0.792937 0.6938471
0.8011364 0.7502551 0.7270115 0.6915281 0.7494919
0.7367725 0.7299896 0.7067797 0.701782 0.7717505
0.7363737 0.8139413 0.7576923 0.7166667 0.7655367
0.7869855 0.7605779 0.7801455 0.7529412 0.759893
0.7922149 0.7646104 0.7902477 0.7206499 0.812069
0.7983051 0.8095106 0.8274359 0.8272834 0.7814815
0.8496875 0.8053589 0.7879418 0.778836 0.7158192
0.8417949 0.7765738 0.7836898 0.8098555 0.7335526
0.7239796 0.8726611 0.7191324 0.7231638 0.8245273
0.7158192 0.8008899 0.7583857 0.762069 0.7020513
0.7491776 0.7861227 0.7378247 0.6931034 0.7161274
0.8048851 0.8067797 0.8225108 0.8410714 0.7949198
0.7404541 0.7914439 0.8000516 0.8488701 0.8775
0.8105811 0.8343915 0.7605128 0.8163082 0.8353726
0.7551975 0.7806604 0.747162 0.8188669 0.7402116
0.7822245 0.793659 0.8001792 0.8711944 0.8417949
0.674068 0.7858732 0.7783264 0.7595238 0.8562271
0.7655678 0.7995283 0.7933437 0.7970588 0.7858948
0.7897317 0.7717505 0.7667715 0.7536151 0.7121711
0.7589744 0.7738095 0.7515152 0.7998904 0.7607527
0.7137446 0.8363821 0.7825203 0.8251323 0.8364943
0.7814238 0.7785714 0.7467532 0.7817949 0.714657
0.740051 0.7627339 0.7166667 0.8861746 0.6810036
0.7534067 0.7390752 0.7840437 0.8043103 0.8015752
0.8201058 0.6718074 0.7340041 0.8076271 0.7395722
0.7620321 0.8287338 0.7933815 0.7744283 0.7804276
0.7681277 0.7973545 0.8228923 0.7347701 0.8053393
0.8145586 0.7667683 0.7897252 0.7207792 0.7911585
0.8106229 0.8576271 0.8310345 0.8029057 0.8387755
0.8287338 0.7529412 0.8294634 0.7363737 0.8037356
0.7378247 0.8459893 0.7544974 0.8360746 0.8324859
0.7385984 0.855608 0.792328 0.7449944 0.8007937
0.6538208 0.7697368 0.7811845 0.7233333 0.7733333
0.7774123 0.7858732 0.7564171 0.7535714 0.8015873
0.6910714 0.7805736 0.7192529 0.7010695 0.7440476
0.7735746 0.8053534 0.7703818 0.8160714 0.7895022
0.702381 0.7320686 0.7708333 0.7801858 0.8251323
0.7933815 0.7295597 0.6981424 0.8126935 0.7695513
0.7541118 0.8046537 0.7373581 0.8011364 0.8126935
0.7628407 0.7510582 0.7014964 0.817623 0.7695035
0.817623 0.7974359 0.7744949 0.7724599 0.7389937
0.8302108 0.7062369 0.7474012 0.7595238 0.7819209
0.6868743 0.7949198 0.740678 0.7973545 0.6966073
0.6904762 0.8031476 0.7955975 0.7997936 0.8421986
0.715051 0.8225108 0.8149688 0.8322851 0.7911568
0.7291444 0.8066138 0.8554598 0.7434486 0.70116
0.761875 0.7423888 0.7955975 0.8303015 0.7789744
0.8342603 0.7277531 0.7730159 0.7560307 0.7583874
0.8108466 0.7082011 0.7669789 0.7687831 0.7734463
0.7973545 0.7199675 0.8071726 0.7880952 0.7583874
0.8376623 0.7794772 0.8011364 0.8170189 0.7276923
0.7660714 0.7609148 0.8406563 0.7742669 0.8152406
0.8192436 0.868743 0.8035256 0.8273061 0.7179144
0.7082011 0.750516 0.7903955 0.7973545 0.7751756
0.7485876 0.7270053 0.7983957 0.7234848 0.8040107
0.8031146 0.7573446 0.7756813 0.7716557 0.7789634
0.778836 0.7664071 0.6932234 0.7491218 0.8658192
0.7242002 0.7672956 0.744066 0.7228618 0.7766393
0.731685 0.8113976 0.7832792 0.7585561 0.7609195
0.7032086 0.807634 0.766632 0.8605769 0.7712067
0.8165775 0.7622358 0.9069519 0.7842654 0.7308081
