1 0.9687864 1 1 0.9935065
0.984991 0.9901961 0.977369 0.9930556 0.9924242
1 0.9918033 1 0.9833333 1
0.9924242 1 1 1 0.9920635
0.9938272 0.984954 1 0.9844907 1
1 0.99375 1 0.9866667 1
0.9895833 1 1 1 0.9935897
0.990566 0.9916667 1 0.9850713 1
0.984991 0.9926471 1 0.9924242 0.9935897
1 0.9807692 0.9929577 0.9939024 1
0.9918033 1 0.994382 1 1
1 1 0.9909091 0.9824561 0.9923077
0.9827586 1 0.9935065 0.9939024 1
0.9921875 1 0.9932432 0.9913793 1
0.9933333 0.9918033 0.9935065 1 1
0.9875 1 0.9866667 0.9934211 1
1 0.9935897 0.9940476 0.9940476 0.9928571
0.9924242 1 1 0.9921875 0.9857143
0.9850446 0.9929577 0.9782204 1 0.9909091
0.9935065 0.9833333 0.9927536 1 0.9754891
1 0.984375 0.9930556 1 1
1 0.9866667 0.9925373 1 0.9930556
1 1 0.984954 0.9777184 0.9909091
1 1 0.9919355 0.9920635 1
0.9910714 1 0.9844907 1 1
1 1 0.9929577 1 0.9940476
1 0.9926471 1 0.9932432 0.9925373
0.9907407 0.9921875 0.9935065 1 0.9932432
0.9928571 0.9923077 0.9929577 1 0.9918033
0.9850713 0.9925373 0.9920635 1 0.9932432
0.9931507 0.9757326 1 1 1
1 0.9909091 0.9909091 1 1
0.9863014 1 0.9912281 0.9935065 0.9927536
0.9758065 0.987013 0.9934211 0.9924242 1
0.9913793 0.984172 1 1 0.9847346
0.9936709 0.9932432 0.9850212 0.9903846 1
0.9935065 1 0.9897959 0.9935065 1
1 0.9934211 1 1 1
1 0.9939024 1 0.9850713 1
1 0.9910714 0.9848485 0.984991 0.9876543
1 1 0.9933333 0.9924242 0.9928571
0.9846612 0.9857143 0.9848588 0.9810127 0.9782509
1 0.9932432 1 0.9782411 1
0.9694691 1 0.9931507 0.9842871 1
0.9918033 0.9918033 0.9939024 0.9918033 1
1 1 1 0.9921875 0.9931507
0.9928571 0.9926471 0.9923077 1 1
1 0.9852941 0.9850212 1 1
0.9930556 1 0.9939759 1 0.9934211
1 1 1 0.9850613 1
1 0.9930556 0.9848485 1 0.9928571
0.9932432 0.9830508 0.9918033 1 1
0.9895833 0.9848588 1 0.9850212 0.983871
0.9932432 1 0.9864865 1 0.9903846
1 1 1 1 0.9921875
0.9924242 0.9920635 0.9930556 0.9916667 0.9925373
0.984954 0.9930556 0.968862 0.9850613 0.990566
1 1 1 0.9913793 1
0.9935897 0.9932432 0.9774955 1 0.9920635
1 0.9918033 0.9929577 0.9918033 1
0.9929577 1 1 0.9931507 0.9757326
1 0.9928571 1 0.984991 0.9915254
1 1 1 0.9933333 1
1 1 0.9817073 0.9852941 0.9919355
0.9848588 0.9934211 1 1 1
0.9924242 1 1 0.9666667 1
1 1 0.9847346 0.9910714 1
0.9850446 1 0.9754891 0.9918033 1
0.9926471 0.9859155 1 0.9847346 0.9918033
1 0.9897959 0.9909091 0.9928571 1
1 1 0.98458 1 1
1 1 1 0.9934211 0.9864865
1 1 0.9848588 1 1
1 1 1 0.9924242 0.9930556
0.9848004 0.9918033 0.984172 0.9930556 0.9909091
1 1 0.9928571 0.9936709 0.9933333
0.977369 0.9848004 0.9761797 1 0.9936709
1 0.9871795 0.9935897 0.9923077 0.9903846
0.9928571 0.9875 0.9791667 1 0.9781532
0.9763842 0.984954 0.9932432 1 1
0.9932432 1 0.9916667 0.9921875 1
0.9866667 1 0.9928571 1 0.9928571
0.9933333 0.9930556 0.9850713 0.9912281 1
0.9934211 0.9931507 1 1 0.984991
0.9848004 0.9846612 1 1 0.9778149
1 0.9925373 0.9757326 1 0.9919355
0.9923077 0.9855072 0.9781921 1 1
1 0.9928571 0.9921875 0.9855072 1
0.9925373 1 0.9928571 0.9923077 0.9746717
1 0.9935897 0.9770847 0.9930556 1
1 0.9848588 1 0.9847346 0.9920635
1 0.9930556 1 1 1
0.9846612 0.9863014 1 1 0.9848588
0.9847346 1 0.9919355 1 1
0.984954 1 1 0.98458 0.984172
1 0.9910714 1 1 1
0.9934211 1 0.9848004 1 1
0.9930556 0.9848485 0.9935065 0.9928571 0.9923077
0.9782411 0.9818182 1 1 0.984954
1 1 1 1 0.9929577
