1 0.9701493 1 1 0.9925373
0.9850746 0.9925373 0.9776119 0.9925373 0.9925373
1 0.9925373 1 0.9850746 1
0.9925373 1 1 1 0.9925373
0.9925373 0.9850746 1 0.9850746 1
1 0.9925373 1 0.9850746 1
0.9925373 1 1 1 0.9925373
0.9925373 0.9925373 1 0.9850746 1
0.9850746 0.9925373 1 0.9925373 0.9925373
1 0.9850746 0.9925373 0.9925373 1
0.9925373 1 0.9925373 1 1
1 1 0.9925373 0.9850746 0.9925373
0.9850746 1 0.9925373 0.9925373 1
0.9925373 1 0.9925373 0.9925373 1
0.9925373 0.9925373 0.9925373 1 1
0.9850746 1 0.9850746 0.9925373 1
1 0.9925373 0.9925373 0.9925373 0.9925373
0.9925373 1 1 0.9925373 0.9850746
0.9850746 0.9925373 0.9776119 1 0.9925373
0.9925373 0.9850746 0.9925373 1 0.9776119
1 0.9850746 0.9925373 1 1
1 0.9850746 0.9925373 1 0.9925373
1 1 0.9850746 0.9776119 0.9925373
1 1 0.9925373 0.9925373 1
0.9925373 1 0.9850746 1 1
1 1 0.9925373 1 0.9925373
1 0.9925373 1 0.9925373 0.9925373
0.9925373 0.9925373 0.9925373 1 0.9925373
0.9925373 0.9925373 0.9925373 1 0.9925373
0.9850746 0.9925373 0.9925373 1 0.9925373
0.9925373 0.9776119 1 1 1
1 0.9925373 0.9925373 1 1
0.9850746 1 0.9925373 0.9925373 0.9925373
0.9776119 0.9850746 0.9925373 0.9925373 1
0.9925373 0.9850746 1 1 0.9850746
0.9925373 0.9925373 0.9850746 0.9925373 1
0.9925373 1 0.9925373 0.9925373 1
1 0.9925373 1 1 1
1 0.9925373 1 0.9850746 1
1 0.9925373 0.9850746 0.9850746 0.9850746
1 1 0.9925373 0.9925373 0.9925373
0.9850746 0.9850746 0.9850746 0.9776119 0.9776119
1 0.9925373 1 0.9776119 1
0.9701493 1 0.9925373 0.9850746 1
0.9925373 0.9925373 0.9925373 0.9925373 1
1 1 1 0.9925373 0.9925373
0.9925373 0.9925373 0.9925373 1 1
1 0.9850746 0.9850746 1 1
0.9925373 1 0.9925373 1 0.9925373
1 1 1 0.9850746 1
1 0.9925373 0.9850746 1 0.9925373
0.9925373 0.9850746 0.9925373 1 1
0.9925373 0.9850746 1 0.9850746 0.9850746
0.9925373 1 0.9850746 1 0.9925373
1 1 1 1 0.9925373
0.9925373 0.9925373 0.9925373 0.9925373 0.9925373
0.9850746 0.9925373 0.9701493 0.9850746 0.9925373
1 1 1 0.9925373 1
0.9925373 0.9925373 0.9776119 1 0.9925373
1 0.9925373 0.9925373 0.9925373 1
0.9925373 1 1 0.9925373 0.9776119
1 0.9925373 1 0.9850746 0.9925373
1 1 1 0.9925373 1
1 1 0.9776119 0.9850746 0.9925373
0.9850746 0.9925373 1 1 1
0.9925373 1 1 0.9626866 1
1 1 0.9850746 0.9925373 1
0.9850746 1 0.9776119 0.9925373 1
0.9925373 0.9850746 1 0.9850746 0.9925373
1 0.9925373 0.9925373 0.9925373 1
1 1 0.9850746 1 1
1 1 1 0.9925373 0.9850746
1 1 0.9850746 1 1
1 1 1 0.9925373 0.9925373
0.9850746 0.9925373 0.9850746 0.9925373 0.9925373
1 1 0.9925373 0.9925373 0.9925373
0.9776119 0.9850746 0.9776119 1 0.9925373
1 0.9850746 0.9925373 0.9925373 0.9925373
0.9925373 0.9850746 0.9776119 1 0.9776119
0.9776119 0.9850746 0.9925373 1 1
0.9925373 1 0.9925373 0.9925373 1
0.9850746 1 0.9925373 1 0.9925373
0.9925373 0.9925373 0.9850746 0.9925373 1
0.9925373 0.9925373 1 1 0.9850746
0.9850746 0.9850746 1 1 0.9776119
1 0.9925373 0.9776119 1 0.9925373
0.9925373 0.9850746 0.9776119 1 1
1 0.9925373 0.9925373 0.9850746 1
0.9925373 1 0.9925373 0.9925373 0.9776119
1 0.9925373 0.9776119 0.9925373 1
1 0.9850746 1 0.9850746 0.9925373
1 0.9925373 1 1 1
0.9850746 0.9850746 1 1 0.9850746
0.9850746 1 0.9925373 1 1
0.9850746 1 1 0.9850746 0.9850746
1 0.9925373 1 1 1
0.9925373 1 0.9850746 1 1
0.9925373 0.9850746 0.9925373 0.9925373 0.9925373
0.9776119 0.9850746 1 1 0.9850746
1 1 1 1 0.9925373
