1 0.9622642 1 1 0.9913043
0.983871 0.990099 0.9784173 0.992 0.9923664
1 0.9917355 1 0.9830508 1
0.9927007 1 1 1 0.992
0.9906542 0.9836066 1 0.9814815 1
1 0.9908257 1 0.9833333 1
0.9894737 1 1 1 0.9911504
0.9904762 0.9915966 1 0.9852941 1
0.983871 0.9924812 1 0.9923664 0.9911504
1 0.9803922 0.9929078 0.9904762 1
0.9917355 1 0.989011 1 1
1 1 0.9908257 0.9821429 0.9922481
0.9824561 1 0.9913043 0.9904762 1
0.9929078 1 0.9917355 0.9913043 1
0.9915966 0.9917355 0.9913043 1 1
0.9818182 1 0.9833333 0.991453 1
1 0.9911504 0.990099 0.990099 0.9922481
0.9923664 1 1 0.992126 0.9846154
0.984375 0.992126 0.9719626 1 0.9908257
0.9913043 0.9830508 0.9923664 1 0.9724771
1 0.984127 0.992 1 1
1 0.9833333 0.9924812 1 0.992
1 1 0.9836066 0.9774436 0.9908257
1 1 0.9918699 0.992 1
0.990991 1 0.9814815 1 1
1 1 0.992126 1 0.990099
1 0.9924812 1 0.9917355 0.9924812
0.9906542 0.992126 0.9913043 1 0.9917355
0.9922481 0.9928058 0.9929078 1 0.9917355
0.9852941 0.9924812 0.992 1 0.9917355
0.9918699 0.972973 1 1 1
1 0.9908257 0.9908257 1 1
0.983871 1 0.9911504 0.9913043 0.9923664
0.9752066 0.9827586 0.991453 0.9927007 1
0.9913043 0.9803922 1 1 0.9824561
0.990991 0.9917355 0.984127 0.9902913 1
0.9913043 1 0.9896907 0.9913043 1
1 0.991453 1 1 1
1 0.9904762 1 0.9852941 1
1 0.990991 0.9855072 0.9861111 0.9814815
1 1 0.9915966 0.9923664 0.9922481
0.9871795 0.9846154 0.9830508 0.9734513 0.972973
1 0.9917355 1 0.973913 1
0.9649123 1 0.9918699 0.9807692 1
0.9917355 0.9917355 0.9904762 0.9931973 1
1 1 1 0.992126 0.9918699
0.9928058 0.9924812 0.9922481 1 1
1 0.9850746 0.9859155 1 1
0.992 1 0.9902913 1 0.991453
1 1 1 0.9846154 1
1 0.992 0.9846154 1 0.9922481
0.9917355 0.9827586 0.9917355 1 1
0.9894737 0.9830508 1 0.984127 0.9836066
0.9917355 1 0.9836066 1 0.9902913
1 1 1 1 0.992126
0.9923664 0.992 0.992 0.9915966 0.9925926
0.9863014 0.992 0.9672131 0.9846154 0.9904762
1 1 1 0.9913043 1
0.9911504 0.9917355 0.9781022 1 0.992
1 0.9917355 0.992126 0.9917355 1
0.992126 1 1 0.9931034 0.972973
1 0.9922481 1 0.983871 0.991453
1 1 1 0.9915966 1
1 1 0.9719626 0.9850746 0.9918699
0.9830508 0.991453 1 1 1
0.9923664 1 1 0.9593496 1
1 1 0.9824561 0.990991 1
0.984375 1 0.9724771 0.9917355 1
0.9925926 0.984375 1 0.9824561 0.9917355
1 0.9896907 0.9908257 0.9922481 1
1 1 0.9818182 1 1
1 1 1 0.991453 0.9836066
1 1 0.9830508 1 1
1 1 1 0.9927007 0.992
0.9827586 0.9917355 0.9803922 0.992 0.9908257
1 1 0.9922481 0.990991 0.9915966
0.9767442 0.9827586 0.973913 1 0.990991
1 0.9824561 0.9911504 0.9928058 0.9902913
0.9922481 0.9818182 0.976378 1 0.9752066
0.974359 0.9863014 0.9917355 1 1
0.9917355 1 0.9915966 0.9929078 1
0.9833333 1 0.9922481 1 0.9928058
0.9915966 0.992 0.9848485 0.9911504 1
0.9933775 0.9918699 1 1 0.983871
0.9827586 0.9821429 1 1 0.9770992
1 0.9925926 0.972973 1 0.9918699
0.9922481 0.9852941 0.9747899 1 1
1 0.9922481 0.992126 0.9848485 1
0.9924812 1 0.9928058 0.9922481 0.9708738
1 0.9911504 0.976 0.992 1
1 0.9830508 1 0.9824561 0.992
1 0.992 1 1 1
0.9821429 0.9861111 1 1 0.9830508
0.9824561 1 0.9918699 1 1
0.9836066 1 1 0.9818182 0.9803922
1 0.990991 1 1 1
0.991453 1 0.9827586 1 1
0.992 0.9855072 0.9913043 0.9922481 0.9922481
0.973913 0.9814815 1 1 0.9836066
1 1 1 1 0.992126
