0.7761194 0.8125 0.6071429 0.7222222 0.7428571
0.6551724 0.7419355 0.7142857 0.7272727 0.7733333
0.6969697 0.7671233 0.6349206 0.7586207 0.6666667
0.7419355 0.6666667 0.7 0.6984127 0.6769231
0.7826087 0.7213115 0.65625 0.78125 0.5116279
0.6865672 0.65625 0.7352941 0.7076923 0.7671233
0.7164179 0.7222222 0.6415094 0.7816092 0.5846154
0.6933333 0.5957447 0.7540984 0.6060606 0.6956522
0.6760563 0.7894737 0.7868852 0.8615385 0.7142857
0.7945205 0.8333333 0.8115942 0.7924528 0.7466667
0.6575342 0.7 0.7462687 0.6285714 0.75
0.7727273 0.7169811 0.625 0.6333333 0.7540984
0.8192771 0.7096774 0.64 0.6984127 0.7123288
0.6440678 0.7301587 0.6760563 0.7323944 0.7457627
0.7540984 0.65625 0.775 0.7083333 0.7096774
0.78125 0.7532468 0.7586207 0.75 0.8108108
0.7428571 0.6666667 0.7848101 0.8421053 0.5882353
0.7241379 0.7419355 0.6037736 0.7272727 0.7301587
0.7666667 0.7540984 0.7777778 0.7848101 0.7384615
0.6451613 0.71875 0.6551724 0.7647059 0.7384615
0.7714286 0.6857143 0.7428571 0.8148148 0.8169014
0.625 0.72 0.7 0.8148148 0.6774194
0.7246377 0.7692308 0.7666667 0.7792208 0.7213115
0.779661 0.7017544 0.7714286 0.7 0.7631579
0.7164179 0.6268657 0.6769231 0.6197183 0.78125
0.7671233 0.6969697 0.8378378 0.7761194 0.6769231
0.7457627 0.7241379 0.7352941 0.7272727 0.7352941
0.7118644 0.6849315 0.7 0.6865672 0.7714286
0.7457627 0.7837838 0.75 0.7536232 0.7142857
0.7901235 0.7333333 0.7428571 0.7301587 0.7352941
0.7333333 0.7575758 0.7384615 0.6428571 0.7714286
0.7931034 0.6176471 0.7714286 0.7540984 0.7631579
0.7647059 0.7352941 0.8055556 0.7878788 0.6774194
0.8285714 0.6461538 0.8125 0.8064516 0.7419355
0.7037037 0.627451 0.78125 0.8358209 0.7368421
0.5660377 0.7076923 0.7213115 0.6933333 0.7941176
0.6984127 0.7777778 0.7466667 0.7462687 0.7241379
0.7532468 0.8205128 0.6944444 0.7878788 0.7341772
0.6551724 0.6956522 0.7123288 0.7692308 0.5762712
0.75 0.725 0.6315789 0.6285714 0.725
0.6849315 0.6666667 0.6101695 0.6376812 0.7246377
0.6557377 0.7761194 0.7058824 0.6461538 0.6896552
0.7241379 0.7272727 0.7352941 0.6956522 0.6984127
0.7323944 0.7 0.7654321 0.6567164 0.75
0.7272727 0.75 0.8051948 0.7586207 0.7241379
0.7636364 0.7792208 0.75 0.7323944 0.6153846
0.8169014 0.7272727 0.7301587 0.7848101 0.6557377
0.6567164 0.8529412 0.6349206 0.6349206 0.7647059
0.6153846 0.7384615 0.6984127 0.6774194 0.6376812
0.6774194 0.7532468 0.6666667 0.5862069 0.6835443
0.7301587 0.7384615 0.7761194 0.825 0.7462687
0.6769231 0.7428571 0.775 0.7936508 0.8
0.7636364 0.8 0.7142857 0.7368421 0.7868852
0.7123288 0.739726 0.6956522 0.7894737 0.6769231
0.7466667 0.7536232 0.7118644 0.8135593 0.8169014
0.5846154 0.7213115 0.739726 0.7058824 0.7924528
0.6557377 0.7605634 0.7631579 0.75 0.7764706
0.7462687 0.7246377 0.7222222 0.6779661 0.6376812
0.7272727 0.7246377 0.7179487 0.7457627 0.6666667
0.6349206 0.8157895 0.7594937 0.7878788 0.8
0.7123288 0.7466667 0.6774194 0.7532468 0.6571429
0.7160494 0.7076923 0.6461538 0.8695652 0.5555556
0.6969697 0.7160494 0.7428571 0.7333333 0.7733333
0.78125 0.5846154 0.6764706 0.75 0.6666667
0.7058824 0.7826087 0.7301587 0.7323944 0.71875
0.7076923 0.7536232 0.7755102 0.6415094 0.754717
0.6909091 0.7297297 0.7017544 0.6575342 0.7631579
0.7540984 0.8135593 0.7575758 0.7462687 0.8205128
0.7826087 0.6956522 0.8051948 0.6557377 0.7368421
0.6666667 0.8125 0.6969697 0.7878788 0.779661
0.6545455 0.8285714 0.7462687 0.6666667 0.7540984
0.490566 0.7058824 0.7352941 0.6842105 0.7323944
0.7142857 0.7213115 0.6969697 0.7123288 0.7575758
0.6176471 0.7246377 0.6229508 0.6101695 0.6769231
0.7096774 0.7733333 0.7368421 0.7948718 0.7352941
0.625 0.6849315 0.7096774 0.7466667 0.7878788
0.7301587 0.6760563 0.6486486 0.7761194 0.6538462
0.6865672 0.7536232 0.6857143 0.75 0.7761194
0.7076923 0.7027027 0.6578947 0.75 0.7368421
0.75 0.775 0.7560976 0.7118644 0.6857143
0.75 0.6478873 0.6956522 0.7058824 0.7096774
0.5901639 0.7462687 0.6545455 0.7536232 0.5964912
0.6197183 0.7733333 0.75 0.7671233 0.8333333
0.6835443 0.7761194 0.7837838 0.8 0.7246377
0.6666667 0.7647059 0.8 0.6944444 0.5769231
0.6538462 0.6451613 0.75 0.8 0.7466667
0.78125 0.6451613 0.71875 0.6875 0.6896552
0.7692308 0.6478873 0.6779661 0.7164179 0.6984127
0.7536232 0.6461538 0.7714286 0.7428571 0.6896552
0.7941176 0.7142857 0.75 0.7575758 0.6760563
0.7297297 0.7142857 0.7826087 0.7619048 0.7714286
0.7666667 0.8333333 0.6909091 0.7945205 0.6461538
0.6478873 0.7042254 0.7213115 0.7536232 0.6896552
0.6666667 0.65625 0.75 0.6571429 0.7575758
0.7457627 0.6785714 0.7368421 0.7076923 0.7466667
0.7323944 0.6956522 0.5660377 0.6551724 0.8196721
0.6666667 0.7164179 0.7027027 0.6461538 0.6885246
0.6181818 0.7111111 0.7272727 0.7042254 0.6785714
0.625 0.7951807 0.7164179 0.7636364 0.6785714
0.7741935 0.6896552 0.8767123 0.7241379 0.7209302
