0.7222222 0.8125 0.6296296 0.7428571 0.7428571
0.6785714 0.8214286 0.7575758 0.7741935 0.8529412
0.71875 0.7777778 0.6666667 0.7096774 0.65625
0.7419355 0.6956522 0.65625 0.7857143 0.7096774
0.7941176 0.8461538 0.6774194 0.8333333 0.5
0.71875 0.6 0.8064516 0.6969697 0.875
0.75 0.7647059 0.6071429 0.7391304 0.59375
0.7428571 0.56 0.7931034 0.625 0.8
0.6857143 0.7894737 0.8275862 0.8484848 0.952381
0.8055556 0.7894737 0.8235294 0.75 0.7777778
0.6 0.6222222 0.7352941 0.6470588 0.7941176
0.7391304 0.6785714 0.6666667 0.5588235 0.7931034
0.8095238 0.7333333 0.7272727 0.7096774 0.8666667
0.6785714 0.6764706 0.7272727 0.7222222 0.88
0.7419355 0.6774194 0.8378378 0.7727273 0.7096774
0.8928571 0.6904762 0.7333333 0.84375 0.8108108
0.7428571 0.7142857 0.7380952 0.8421053 0.6451613
0.75 0.7419355 0.5925926 0.7058824 0.7666667
0.7419355 0.7931034 0.8 0.8611111 0.75
0.6896552 0.6764706 0.7916667 0.7878788 0.6857143
0.7714286 0.8888889 0.8125 0.8148148 0.90625
0.6666667 0.84375 0.75 0.8918919 0.6363636
0.8064516 0.7692308 0.7931034 0.8108108 0.7333333
0.8518519 0.7142857 0.8709677 0.6511628 0.7631579
0.75 0.6 0.7333333 0.6875 0.862069
0.7368421 0.6969697 0.8611111 0.7222222 0.8148148
0.6470588 0.7777778 0.6944444 0.7272727 0.8333333
0.75 0.78125 0.7777778 0.71875 0.8181818
0.8148148 0.8787879 0.7105263 0.8125 0.862069
0.8205128 0.7096774 0.7222222 0.7419355 0.862069
0.7333333 0.78125 0.75 0.6666667 0.84375
0.7931034 0.6363636 0.84375 0.8518519 0.7837838
0.7878788 0.862069 0.725 0.8125 0.6774194
0.8285714 0.6 0.8387097 0.8333333 0.7419355
0.7307692 0.6956522 0.78125 0.8235294 0.7241379
0.6521739 0.8214286 0.7857143 0.6842105 0.7714286
0.7096774 0.875 0.7567568 0.7142857 0.6774194
0.7631579 0.8421053 0.78125 0.8666667 0.6304348
0.7037037 0.7272727 0.6666667 0.8108108 0.53125
0.7741935 0.725 0.6428571 0.6666667 0.7435897
0.6578947 0.7586207 0.6206897 0.6666667 0.7575758
0.6666667 0.8387097 0.8275862 0.7 0.7142857
0.7777778 0.7179487 0.8064516 0.6857143 0.7586207
0.6666667 0.7777778 0.7209302 0.7096774 0.7777778
0.6666667 0.7272727 0.8157895 0.7333333 0.9130435
0.7 0.8823529 0.7714286 0.7222222 0.7272727
0.90625 0.8571429 0.7931034 0.7560976 0.6896552
0.8148148 0.9354839 0.625 0.6060606 0.7027027
0.7272727 0.7058824 0.8148148 0.6363636 0.7333333
0.7 0.725 0.7 0.5862069 0.75
0.6764706 0.6857143 0.7647059 0.825 0.7575758
0.8148148 0.7222222 0.7380952 0.7575758 0.7333333
0.9130435 0.8666667 0.8064516 0.7 0.8
0.7222222 0.7297297 0.7741935 0.7692308 0.7333333
0.7368421 0.8125 0.65625 0.7741935 0.90625
0.5757576 0.7333333 0.75 0.7272727 0.7777778
0.5714286 0.7714286 0.7631579 0.7105263 0.7857143
0.862069 0.7575758 0.7222222 0.7142857 0.5945946
0.7368421 0.7352941 0.8235294 0.8148148 0.6666667
0.6666667 0.8857143 0.7894737 0.8387097 0.952381
0.6190476 0.8 0.7241379 0.7631579 0.6969697
0.7073171 0.8214286 0.7 0.9375 0.5555556
0.7666667 0.725 0.7878788 0.7096774 0.8529412
0.862069 0.59375 0.7666667 0.8076923 0.7692308
0.7058824 0.75 0.71875 0.7647059 0.71875
0.71875 0.7647059 0.9047619 0.7083333 0.9090909
0.59375 0.8181818 0.6666667 0.6 0.8285714
0.7666667 0.8275862 0.6756757 0.7142857 0.8421053
0.75 0.6857143 0.7948718 0.6666667 0.75
0.7 0.8666667 0.7419355 0.7647059 0.7931034
0.75 0.8529412 0.78125 0.6896552 0.8846154
0.4333333 0.6666667 0.78125 0.7027027 0.8125
0.8333333 0.7333333 0.71875 0.7878788 0.8064516
0.75 0.6944444 0.59375 0.72 0.6875
0.7333333 0.7631579 0.7368421 0.8157895 0.7142857
0.6896552 0.6944444 0.7586207 0.7567568 0.8387097
0.71875 0.6857143 0.6666667 0.8965517 0.6071429
0.6571429 0.7222222 0.75 0.7741935 0.8965517
0.7931034 0.6666667 0.6578947 0.75 0.8235294
0.75 0.7560976 0.8157895 0.84 0.7058824
0.6666667 0.6571429 0.75 0.7272727 0.6875
0.6 0.7575758 0.72 0.7647059 0.6538462
0.5789474 0.7837838 0.8571429 0.8 0.8333333
0.6923077 0.7647059 0.7837838 0.8235294 0.6578947
0.6571429 0.7878788 0.7741935 0.6944444 0.5769231
0.6296296 0.5882353 0.8571429 0.8484848 0.7777778
0.7575758 0.6451613 0.7931034 0.6875 0.8
0.8333333 0.6388889 0.6451613 0.75 0.6666667
0.7647059 0.65625 0.8181818 0.7428571 0.8
0.7714286 0.8 0.7741935 0.7142857 0.75
0.7941176 0.7575758 0.7105263 0.7804878 0.75
0.7931034 0.862069 0.6129032 0.7837838 0.6774194
0.6388889 0.7575758 0.7096774 0.7647059 0.6666667
0.6666667 0.7 0.8 0.6216216 0.78125
0.7857143 0.7307692 0.7 0.6969697 0.8235294
0.7222222 0.6315789 0.5555556 0.6333333 0.8064516
0.7419355 0.7741935 0.7222222 0.6363636 0.6363636
0.5862069 0.6956522 0.7272727 0.6756757 0.7037037
0.6666667 0.825 0.8 0.6774194 0.6551724
0.8571429 0.7407407 0.8205128 0.8076923 0.7560976
