1 0.9622642 1 1 0.9827586
0.983871 1 0.9714286 0.984127 1
1 1 1 1 1
0.9855072 1 1 1 1
0.9814815 0.9836066 1 0.9814815 1
1 0.9818182 1 0.9672131 1
1 1 1 1 0.9824561
1 1 1 0.9852941 1
0.983871 0.9850746 1 1 0.9824561
1 1 1 0.9811321 1
1 1 0.9782609 1 1
1 1 1 1 1
1 1 0.9827586 0.9811321 1
0.9859155 1 0.9836066 1 1
0.9833333 1 0.9827586 1 1
0.9642857 1 0.9672131 0.9830508 1
1 0.9824561 0.9803922 0.9803922 0.9846154
1 1 1 1 0.969697
0.984375 0.984375 0.962963 1 1
0.9827586 1 0.9848485 1 0.9814815
1 1 0.984127 1 1
1 0.9672131 1 1 0.984127
1 1 0.9836066 0.9701493 1
1 1 1 1 1
1 1 0.9814815 1 1
1 1 0.984375 1 0.9803922
1 0.9850746 1 0.9836066 1
1 1 0.9827586 1 0.9836066
0.9846154 0.9857143 1 1 1
0.9852941 1 1 1 0.9836066
0.983871 0.9818182 1 1 1
1 1 1 1 1
0.968254 1 1 0.9827586 0.9848485
1 0.9661017 0.9830508 0.9855072 1
1 0.9803922 1 1 0.9824561
0.9821429 0.9836066 0.984127 1 1
0.9827586 1 1 0.9827586 1
1 0.9830508 1 1 1
1 0.9811321 1 0.9852941 1
1 1 0.9714286 0.9861111 0.9636364
1 1 0.9833333 1 0.9846154
0.9871795 0.969697 0.9830508 0.9482759 0.9642857
1 0.9836066 1 0.9655172 1
0.9649123 1 0.983871 0.9807692 1
1 1 0.9811321 0.9864865 1
1 1 1 1 0.983871
1 0.9850746 1 1 1
1 0.9705882 0.9859155 1 1
0.984127 1 0.9807692 1 0.9830508
1 1 1 0.9846154 1
1 0.984127 1 1 0.9846154
0.9836066 1 1 1 1
1 0.9830508 1 0.984127 1
0.9836066 1 0.9677419 1 1
1 1 1 1 1
1 1 0.984127 1 0.9852941
0.9863014 0.984127 0.9833333 0.9846154 1
1 1 1 1 1
0.9824561 0.9836066 0.9710145 1 1
1 1 0.984375 1 1
0.984375 1 1 1 0.9818182
1 0.9846154 1 0.983871 1
1 1 1 0.9833333 1
1 1 0.9454545 0.9705882 1
0.9830508 0.9830508 1 1 1
1 1 1 0.921875 1
1 1 0.9824561 1 1
0.984375 1 0.9814815 1 1
1 0.9692308 1 0.9824561 1
1 1 1 0.9846154 1
1 1 0.9818182 1 1
1 1 1 0.9830508 0.9677419
1 1 0.9830508 1 1
1 1 1 0.9855072 0.984127
0.9827586 1 0.9803922 0.984127 1
1 1 0.9846154 0.9821429 0.9833333
0.984375 0.9827586 0.9824561 1 0.9821429
1 0.9655172 0.9824561 0.9857143 1
0.9846154 0.9642857 0.9538462 1 0.9672131
0.9827586 0.9863014 0.9836066 1 1
0.9836066 1 1 0.9859155 1
0.9672131 1 0.9846154 1 1
0.9833333 0.984127 0.9848485 1 1
1 0.983871 1 1 0.983871
0.9827586 0.9821429 1 1 0.969697
1 0.9852941 0.9818182 1 1
1 1 0.9666667 1 1
1 0.9846154 1 0.9701493 1
1 1 1 1 0.9803922
1 0.9824561 0.983871 0.984127 1
1 0.9830508 1 0.9824561 1
1 0.984127 1 1 1
0.9821429 1 1 1 0.9830508
0.9824561 1 1 1 1
0.9836066 1 1 0.9818182 0.9803922
1 1 1 1 1
0.9830508 1 0.9827586 1 1
0.984127 0.9714286 0.9827586 0.9846154 1
0.9655172 1 1 1 0.9836066
1 1 1 1 0.984375
