0.8387097 0.8125 0.5862069 0.7027027 0.7428571
0.6333333 0.6764706 0.6756757 0.6857143 0.7073171
0.6764706 0.7567568 0.6060606 0.8148148 0.6774194
0.7419355 0.64 0.75 0.6285714 0.6470588
0.7714286 0.6285714 0.6363636 0.7352941 0.5238095
0.6571429 0.7241379 0.6756757 0.71875 0.6829268
0.6857143 0.6842105 0.68 0.8292683 0.5757576
0.65 0.6363636 0.71875 0.5882353 0.6153846
0.6666667 0.7894737 0.75 0.875 0.5714286
0.7837838 0.8823529 0.8 0.84 0.7179487
0.7272727 0.8 0.7575758 0.6111111 0.7105263
0.8095238 0.76 0.5882353 0.7307692 0.71875
0.8292683 0.6875 0.5714286 0.6875 0.6046512
0.6129032 0.7931034 0.6315789 0.7428571 0.6470588
0.7666667 0.6363636 0.7209302 0.6538462 0.7096774
0.6944444 0.8285714 0.7857143 0.675 0.8108108
0.7428571 0.625 0.8378378 0.8421053 0.5405405
0.7 0.7419355 0.6153846 0.75 0.6969697
0.7931034 0.71875 0.7567568 0.7209302 0.7272727
0.6060606 0.7666667 0.5588235 0.7428571 0.8
0.7714286 0.5581395 0.6842105 0.8148148 0.7435897
0.5882353 0.627907 0.65625 0.75 0.7241379
0.6578947 0.7692308 0.7419355 0.75 0.7096774
0.71875 0.6896552 0.6923077 0.7567568 0.7631579
0.6857143 0.65625 0.6285714 0.5641026 0.7142857
0.8 0.6969697 0.8157895 0.8387097 0.5789474
0.88 0.6774194 0.78125 0.7272727 0.6578947
0.6774194 0.6097561 0.6363636 0.6571429 0.7297297
0.6875 0.7073171 0.7941176 0.7027027 0.6097561
0.7619048 0.7586207 0.7647059 0.71875 0.6410256
0.7333333 0.7352941 0.7272727 0.6206897 0.7105263
0.7931034 0.6 0.7105263 0.6764706 0.7435897
0.7428571 0.6410256 0.90625 0.7647059 0.6774194
0.8285714 0.7 0.7878788 0.78125 0.7419355
0.6785714 0.5714286 0.78125 0.8484848 0.75
0.5 0.6216216 0.6666667 0.7027027 0.8181818
0.6875 0.7 0.7368421 0.78125 0.7777778
0.7435897 0.8 0.625 0.7222222 0.8787879
0.6129032 0.6666667 0.7647059 0.7317073 0.6296296
0.7272727 0.725 0.6206897 0.5945946 0.7073171
0.7142857 0.5945946 0.6 0.6111111 0.6944444
0.6451613 0.7222222 0.6153846 0.6 0.6666667
0.6774194 0.7368421 0.6756757 0.7058824 0.6470588
0.8125 0.6363636 0.8157895 0.6111111 0.7241379
0.8 0.7741935 0.7948718 0.7857143 0.6
0.84 0.6976744 0.7297297 0.7428571 0.5333333
0.7435897 0.6315789 0.6764706 0.8157895 0.625
0.55 0.7837838 0.6451613 0.6666667 0.8387097
0.5333333 0.7741935 0.6111111 0.7241379 0.5641026
0.65625 0.7837838 0.6363636 0.5862069 0.627907
0.7931034 0.8 0.7878788 0.825 0.7352941
0.5789474 0.7647059 0.8157895 0.8333333 0.88
0.65625 0.7428571 0.6410256 0.7777778 0.7741935
0.7027027 0.75 0.6315789 0.8108108 0.6285714
0.7567568 0.7027027 0.7777778 0.8571429 0.7435897
0.59375 0.7096774 0.7297297 0.6857143 0.8076923
0.7692308 0.75 0.7631579 0.7941176 0.7674419
0.6578947 0.6944444 0.7222222 0.6451613 0.6875
0.7179487 0.7142857 0.6363636 0.6875 0.6666667
0.6060606 0.7560976 0.7317073 0.7428571 0.6896552
0.8387097 0.7 0.6363636 0.7435897 0.6216216
0.725 0.6216216 0.6 0.8108108 0.5555556
0.6388889 0.7073171 0.7027027 0.7586207 0.7073171
0.7142857 0.5757576 0.6052632 0.7 0.5882353
0.7058824 0.8181818 0.7419355 0.7027027 0.71875
0.6969697 0.7428571 0.6785714 0.5862069 0.6451613
0.826087 0.6585366 0.7407407 0.7272727 0.7073171
0.7419355 0.8 0.862069 0.78125 0.8
0.8181818 0.7058824 0.8157895 0.6451613 0.7241379
0.6363636 0.7647059 0.6571429 0.8125 0.7666667
0.5806452 0.8055556 0.7142857 0.6451613 0.6571429
0.5652174 0.75 0.6944444 0.6666667 0.6666667
0.625 0.7096774 0.6764706 0.65 0.7142857
0.525 0.7575758 0.6551724 0.5294118 0.6666667
0.6875 0.7837838 0.7368421 0.775 0.7575758
0.5714286 0.6756757 0.6666667 0.7368421 0.7428571
0.7419355 0.6666667 0.6315789 0.6842105 0.7083333
0.71875 0.7878788 0.6315789 0.7272727 0.6842105
0.6388889 0.7428571 0.6578947 0.75 0.6666667
0.75 0.7948718 0.7045455 0.6176471 0.6666667
0.8571429 0.6388889 0.6486486 0.6857143 0.7333333
0.5806452 0.7352941 0.6 0.7428571 0.5483871
0.6666667 0.7631579 0.6666667 0.7368421 0.8333333
0.675 0.7878788 0.7837838 0.7777778 0.8064516
0.6764706 0.7428571 0.8275862 0.6944444 0.5769231
0.68 0.7142857 0.6666667 0.7567568 0.7179487
0.8064516 0.6451613 0.6571429 0.6875 0.6060606
0.7142857 0.6571429 0.7142857 0.6857143 0.7333333
0.7428571 0.6363636 0.7297297 0.7428571 0.6060606
0.8181818 0.6451613 0.7272727 0.8064516 0.6153846
0.675 0.6756757 0.8709677 0.744186 0.7941176
0.7419355 0.8064516 0.7916667 0.8055556 0.6176471
0.6571429 0.6578947 0.7333333 0.7428571 0.7142857
0.6666667 0.6176471 0.7058824 0.6969697 0.7352941
0.7096774 0.6333333 0.7777778 0.71875 0.6829268
0.7428571 0.7741935 0.5769231 0.6785714 0.8333333
0.6052632 0.6666667 0.6842105 0.65625 0.75
0.6538462 0.7272727 0.7272727 0.7352941 0.6551724
0.5882353 0.7674419 0.6486486 0.875 0.7037037
0.7058824 0.6451613 0.9411765 0.65625 0.6888889
