1 0.9622642 1 1 1
0.983871 0.9803922 0.9855072 1 0.9848485
1 0.9836066 1 0.9666667 1
1 1 1 1 0.984127
1 0.9836066 1 0.9814815 1
1 1 1 1 1
0.9791667 1 1 1 1
0.9811321 0.9833333 1 0.9852941 1
0.983871 1 1 0.9848485 1
1 0.9615385 0.9859155 1 1
0.9836066 1 1 1 1
1 1 0.9818182 0.9649123 0.9846154
0.9655172 1 1 1 1
1 1 1 0.9827586 1
1 0.9836066 1 1 1
1 1 1 1 1
1 1 1 1 1
0.9848485 1 1 0.984375 1
0.984375 1 0.9811321 1 0.9818182
1 0.9666667 1 1 0.9636364
1 0.96875 1 1 1
1 1 0.9850746 1 1
1 1 0.9836066 0.9848485 0.9818182
1 1 0.983871 0.984127 1
0.9821429 1 0.9814815 1 1
1 1 1 1 1
1 1 1 1 0.9850746
0.9814815 0.984375 1 1 1
1 1 0.9859155 1 0.9836066
0.9852941 0.9850746 0.984127 1 1
1 0.9642857 1 1 1
1 0.9818182 0.9818182 1 1
1 1 0.9824561 1 1
0.9516129 1 1 1 1
0.9827586 0.9803922 1 1 0.9824561
1 1 0.984127 0.9807692 1
1 1 0.9795918 1 1
1 1 1 1 1
1 1 1 0.9852941 1
1 0.9821429 1 0.9861111 1
1 1 1 0.9848485 1
0.9871795 1 0.9830508 1 0.9818182
1 1 1 0.9824561 1
0.9649123 1 1 0.9807692 1
0.9836066 0.9836066 1 1 1
1 1 1 0.984375 1
0.9857143 1 0.9846154 1 1
1 1 0.9859155 1 1
1 1 1 1 1
1 1 1 0.9846154 1
1 1 0.969697 1 1
1 0.9661017 0.9836066 1 1
0.9791667 0.9830508 1 0.984127 0.9677419
1 1 1 1 0.9807692
1 1 1 1 0.984375
0.9848485 0.984127 1 0.9833333 1
0.9863014 1 0.9516129 0.9846154 0.9811321
1 1 1 0.9827586 1
1 1 0.9852941 1 0.984127
1 0.9836066 1 0.9836066 1
1 1 1 0.9863014 0.9642857
1 1 1 0.983871 0.9830508
1 1 1 1 1
1 1 1 1 0.983871
0.9830508 1 1 1 1
0.9848485 1 1 1 1
1 1 0.9824561 0.9821429 1
0.984375 1 0.9636364 0.9836066 1
0.9852941 1 1 0.9824561 0.9836066
1 0.9795918 0.9818182 1 1
1 1 0.9818182 1 1
1 1 1 1 1
1 1 0.9830508 1 1
1 1 1 1 1
0.9827586 0.9836066 0.9803922 1 0.9818182
1 1 1 1 1
0.9692308 0.9827586 0.9655172 1 1
1 1 1 1 0.9807692
1 1 1 1 0.9833333
0.9661017 0.9863014 1 1 1
1 1 0.9833333 1 1
1 1 1 1 0.9857143
1 1 0.9848485 0.9824561 1
0.9868421 1 1 1 0.983871
0.9827586 0.9821429 1 1 0.9846154
1 1 0.9642857 1 0.983871
0.9846154 0.9710145 0.9830508 1 1
1 1 0.984375 1 1
0.9850746 1 0.9857143 0.9846154 0.9615385
1 1 0.968254 1 1
1 0.9830508 1 0.9824561 0.984127
1 1 1 1 1
0.9821429 0.9726027 1 1 0.9830508
0.9824561 1 0.983871 1 1
0.9836066 1 1 0.9818182 0.9803922
1 0.9821429 1 1 1
1 1 0.9827586 1 1
1 1 1 1 0.9846154
0.9824561 0.9636364 1 1 0.9836066
1 1 1 1 1
